

93 25
71 82
16 74
42 61
36 39
27 88
36 47
83 2
4 24
93 7
61 38
64 8
24 33
52 72
40 88
95 75
85 24
44 48
70 38
16 18
72 75
47 3
75 27
95 9
34 5
27 77
33 43
73 22
91 100
25 66
52 71
13 70
26 78
89 94
15 2
66 82
45 54
63 29
31 52
23 2
41 48
34 16
51 26
35 46
46 73
19 42
78 97
59 41
69 5
56 41
17 54
7 30
64 63
66 14
1 4
53 74
61 15
63 2
58 64
52 74
57 17
44 22
76 7
86 58
100 53
31 67
52 65
79 67
30 29
9 18
49 7
64 65
93 16
90 6
20 11
39 98
23 42
46 89
70 66
70 83
53 87
84 69
52 46
66 93
76 50
80 5
51 31
12 44
41 10
72 62
26 70
99 85
100 29
59 83
64 55
93 64
94 96
1 48
64 72
30 94
52 1
61 43
91 98
75 28
62 64
62 65
63 35
47 81
15 70
7 52
79 75
18 50
6 28
46 17
13 30
44 38
52 49
32 97
34 1
88 13
86 16
68 3
68 95
28 63
64 57
11 13
39 58
82 15
78 29
97 52
85 40
52 12
33 23
18 7
81 87
52 61
15 100
49 38
64 2
42 83
31 49
85 64
84 88
9 60
53 50
80 62
55 79
78 15
93 73
89 88
11 67
40 20
28 77
59 78
53 24
38 80
55 46
29 76
69 51
85 42
78 11
30 55
88 20
2 41
59 26
48 12
98 25
16 10
42 50
42 28
38 28
13 24
94 14
28 68
62 8
17 84
40 3
51 25
60 91
98 93
17 51
72 82
12 49
95 72
29 2
85 1
64 12
67 25
27 44
18 95
64 31
46 14
38 17
9 42
13 58
72 69
50 91
68 93
76 53
42 64
50 97
37 34
76 78
61 84
7 36
80 61
40 54
78 38
30 68
93 37
100 70
87 2
90 65
68 25
2 28
43 75
76 43
55 60
85 50
45 33
9 100
76 36
28 32
41 50
35 64
4 88
36 95
24 86
48 28
74 14
24 28
69 87
25 75
57 38
57 59
67 61
39 76
12 45
82 70
66 24
41 37
62 92
84 14
1 19
100 38
13 17
37 55
62 57
33 12
78 27
42 66
94 10
61 77
31 28
31 96
30 59
61 14
88 61
63 19
96 9
42 94
2 53
68 80
7 89
1 69
47 83
72 25
55 50
45 78
12 2
25 81
53 93
80 40
40 55
4 93
98 80
18 39
43 8
79 2
52 20
99 86
98 35
38 83
12 67
72 92
37 63
34 97
32 84
22 61
41 17
34 28
57 54
38 13
87 8
66 95
4 45
16 54
42 82
35 57
39 29
13 82
55 66
70 62
67 51
6 20
66 38
42 78
30 71
61 8
14 79
87 98
3 48
74 62
65 46
80 56
35 7
46 82
70 21
34 42
15 34
98 69
22 34
20 97
73 86
28 5
48 20
52 5
87 66
63 76
56 87
33 84
80 99
60 47
37 91
85 28
26 95
68 15
29 19
79 37
48 40
3 21
80 13
93 82
79 85
46 59
75 30
6 76
95 85
82 11
57 66
61 59
84 66
3 27
86 81
74 47
3 98
95 41
24 78
40 25
15 9
84 42
80 54
91 62
53 62
15 49
2 20
50 93
13 47
85 89
95 49
55 45
8 18
95 47
15 62
12 88
50 54
8 28
79 61
48 57
87 22
23 81
84 86
39 81
47 54
57 96
53 92
12 39
74 7
53 81
61 45
5 62
68 56
6 46
75 71
70 80
72 84
61 72
45 43
19 16
41 44
94 6
90 13
77 32
1 66
4 46
87 40
27 46
33 21
34 82
13 96
62 99
60 67
58 90
36 15
94 79
20 75
80 25
74 42
3 26
81 28
73 72
69 47
28 46
89 5
92 47
68 76
3 64
47 44
21 2
84 25
5 58
76 25
22 58
15 28
43 42
99 19
54 76
41 78
18 33
41 90
99 27
77 80
47 80
24 52
68 16
90 26
81 58
84 22
85 52
49 62
7 32
12 19
58 55
90 59
70 55
38 85
25 47
45 88
61 96
78 39
23 6
5 49
1 23
65 74
57 70
22 40
13 31
81 5
94 81
5 45
66 28
41 51
63 60
3 93
72 47
76 97
12 13
82 56
56 60
72 57
31 15
63 16
73 34
72 18
65 39
47 68
49 82
22 21
93 95
57 71
57 24
81 85
43 55
64 79
46 90
89 97
10 57
10 43
6 65
22 62
20 73
29 96
23 35
37 24
74 27
49 48
98 16
85 92
13 25
3 72
5 70
44 58
25 1
99 3
84 18
85 86
83 14
97 10
56 48
76 79
50 32
79 71
100 10
46 31
19 11
100 40
77 97
33 71
35 51
52 88
73 94
16 81
13 72
34 9
28 94
24 43
97 8
44 100
66 12
68 88
67 53
7 21
93 48
27 49
41 99
100 99
63 84
98 12
90 8
20 15
61 19
83 10
74 25
15 99
87 79
68 97
1 100
8 44
60 2
4 27
58 35
96 100
68 48
32 81
75 34
10 30
30 25
77 8
96 62
63 27
88 69
53 19
10 42
76 67
92 79
37 76
48 77
59 12
15 27
91 71
60 59
17 1
1 56
10 54
23 65
72 41
16 50
30 11
17 47
83 73
55 35
48 75
48 14
53 94
43 2
30 67
49 70
3 14
71 99
83 39
