

73 79
85 8
81 89
62 90
77 47
43 25
98 90
11 84
70 97
37 15
22 29
71 2
33 54
38 46
74 42
4 64
62 28
16 76
42 40
94 47
67 81
78 85
21 94
92 46
26 14
19 2
17 84
15 35
21 53
64 3
43 32
87 25
75 16
48 56
19 38
97 19
3 61
10 72
40 28
86 23
93 62
96 10
45 89
63 68
32 88
73 39
58 59
95 89
33 8
93 67
91 75
91 67
71 40
27 97
37 17
31 17
79 78
98 96
4 40
46 10
10 17
60 72
13 19
63 30
11 21
47 37
11 65
93 38
31 59
41 25
48 90
39 90
70 3
43 69
94 6
38 3
4 65
71 30
60 10
52 5
72 56
69 9
87 88
17 23
22 82
82 27
67 31
98 80
35 60
29 27
43 85
35 52
54 86
10 38
47 66
68 53
94 53
11 83
20 62
82 44
45 48
64 2
13 90
24 49
55 21
39 69
54 59
68 25
2 99
51 2
21 52
99 32
86 36
35 30
92 36
19 43
84 63
50 16
60 27
68 84
52 55
18 27
9 93
21 81
6 14
57 14
25 23
47 13
84 98
40 57
41 2
23 34
12 99
19 100
54 72
62 41
29 38
80 16
33 30
22 54
14 98
58 30
9 70
16 7
66 73
5 83
22 81
30 20
71 51
64 20
45 17
36 32
28 2
9 96
18 40
43 39
68 61
63 96
33 11
62 24
14 18
40 17
48 5
31 6
76 64
20 21
1 40
7 47
80 57
66 24
71 75
98 3
50 76
54 57
68 72
58 40
5 25
43 40
61 50
66 43
20 92
56 8
3 78
30 44
85 99
95 73
23 22
11 31
13 2
45 59
90 100
56 38
75 77
33 51
18 84
30 53
23 61
58 99
76 40
37 60
83 47
4 6
3 50
30 94
81 23
65 36
34 9
9 20
14 2
35 62
80 75
91 21
65 46
50 97
100 33
4 96
15 65
13 31
82 31
86 30
18 55
58 17
4 30
43 78
83 100
59 64
71 78
70 33
68 43
26 1
92 100
62 59
73 16
77 21
65 27
73 43
32 24
35 93
91 85
41 76
45 98
43 51
31 64
73 33
87 13
75 34
30 45
10 51
11 17
79 55
31 92
76 91
76 77
43 14
10 78
60 23
14 68
53 28
47 9
71 13
20 1
58 78
76 44
56 9
79 35
44 69
79 82
68 47
27 46
66 45
69 92
10 33
95 66
60 92
46 79
15 77
91 88
31 48
92 72
2 9
14 34
24 90
73 8
86 81
2 38
8 81
27 41
83 14
64 81
7 77
87 94
87 70
9 89
48 84
58 100
29 25
55 35
77 35
59 88
58 6
70 2
77 22
42 58
23 56
51 12
75 11
98 50
21 62
97 36
92 7
76 13
16 98
50 100
52 29
94 1
11 60
36 5
42 6
64 75
25 85
29 83
70 89
39 45
14 67
76 5
39 11
46 56
22 99
43 93
6 100
75 78
9 25
12 75
41 75
89 77
91 72
54 89
95 10
1 70
31 57
65 23
88 40
67 90
81 73
82 11
74 12
55 6
47 87
72 47
23 42
34 44
26 66
33 97
13 33
44 52
30 70
41 45
78 64
8 86
98 40
19 15
51 11
63 57
64 13
63 33
81 66
33 65
94 43
13 53
87 52
63 7
6 84
57 50
80 46
93 52
30 92
38 32
64 15
40 70
39 82
42 8
38 13
1 64
2 53
3 31
7 18
82 78
21 100
6 40
34 31
55 7
22 59
63 93
98 83
47 36
58 21
71 67
61 85
82 74
89 87
31 95
12 36
21 79
86 55
84 50
61 18
43 31
50 92
1 87
65 82
2 72
12 38
68 41
3 93
69 20
95 67
78 40
1 67
20 40
27 89
79 16
39 99
91 43
5 55
92 94
41 23
56 70
55 38
88 13
5 1
60 69
84 37
16 71
11 76
93 71
48 85
4 46
13 27
13 98
5 46
46 83
36 27
89 5
59 93
68 76
72 70
7 21
59 47
51 42
7 27
24 3
92 59
65 30
26 37
8 71
4 53
39 93
1 71
89 4
87 36
49 100
39 20
42 82
33 16
50 39
2 25
10 68
73 90
16 42
54 18
5 21
31 21
64 74
33 34
82 21
75 1
54 46
77 56
99 79
58 25
83 88
2 78
72 62
37 75
6 83
10 97
37 39
47 6
10 34
64 23
48 91
87 10
27 55
27 62
86 32
37 74
63 29
86 15
90 93
80 50
80 2
96 57
71 29
5 47
67 82
15 9
88 57
97 23
41 10
37 25
81 37
75 60
97 90
42 15
26 32
24 88
48 99
69 26
85 80
33 23
74 3
80 1
21 25
46 67
84 66
57 93
100 7
59 42
34 84
12 58
66 79
71 25
69 14
17 39
80 12
60 26
74 18
68 11
29 24
17 77
79 20
73 100
92 41
19 39
30 68
33 95
24 42
6 67
81 65
79 11
21 75
6 16
61 36
56 57
74 87
75 18
12 46
63 44
21 73
3 23
29 53
31 27
97 59
17 35
88 17
79 27
79 91
30 48
21 70
74 71
77 38
34 35
18 60
53 95
15 8
19 83
72 22
99 1
56 85
23 5
4 18
26 42
53 32
12 31
8 52
61 79
4 80
46 3
98 22
85 36
29 87
90 11
48 77
93 41
75 28
13 16
2 40
29 55
45 99
1 27
